{
 "cells": [
  {
   "cell_type": "code",
   "execution_count": 128,
   "id": "791e0c3d",
   "metadata": {},
   "outputs": [
    {
     "name": "stderr",
     "output_type": "stream",
     "text": [
      "C:\\Users\\osama\\AppData\\Local\\Temp\\ipykernel_42996\\3621749593.py:50: FutureWarning: Downcasting behavior in `replace` is deprecated and will be removed in a future version. To retain the old behavior, explicitly call `result.infer_objects(copy=False)`. To opt-in to the future behavior, set `pd.set_option('future.no_silent_downcasting', True)`\n",
      "  PC = data[['fc', 'he', 'hf', 'bw', 'bf', 'Ls_he', 'rho_sv', 'fst', 'Sst_he','rh_l', 'fy_l', 'ff', 'Ef', 'rho_f', 'Sf_he', 'alfa_f', 'V']].replace(['–', '-'], 0).astype(float)\n"
     ]
    }
   ],
   "source": [
    "import numpy as np\n",
    "import scipy.io as sio\n",
    "import pandas as pd\n",
    "from skopt import gp_minimize\n",
    "from skopt import forest_minimize # Bayesian Optimization with RF as surrogate\n",
    "from skopt import gbrt_minimize # Bayesian Optimization with GBM as surrogate\n",
    "from skopt import Optimizer # for the optimization\n",
    "from joblib import Parallel, delayed # for the parallelization\n",
    "from skopt import dummy_minimize # for the randomized search\n",
    "from skopt.plots import plot_convergence\n",
    "from skopt.space import Real, Integer, Categorical\n",
    "from skopt.utils import use_named_args\n",
    "from sklearn.model_selection import cross_val_score, KFold, GridSearchCV\n",
    "cv = KFold(n_splits=5, shuffle=True, random_state=1)\n",
    "import numpy as np\n",
    "from sklearn.model_selection import train_test_split\n",
    "from sklearn.svm import SVR\n",
    "from sklearn.metrics import mean_squared_error\n",
    "from sklearn.preprocessing import MinMaxScaler\n",
    "import pandas as pd\n",
    "import math\n",
    "from math import pi\n",
    "from skopt import gp_minimize\n",
    "from skopt import forest_minimize # Bayesian Optimization with RF as surrogate\n",
    "from skopt import gbrt_minimize # Bayesian Optimization with GBM as surrogate\n",
    "from skopt import Optimizer # for the optimization\n",
    "from joblib import Parallel, delayed # for the parallelization\n",
    "from skopt import dummy_minimize # for the randomized search\n",
    "from skopt.plots import plot_convergence\n",
    "from skopt.space import Real, Integer, Categorical\n",
    "from skopt.utils import use_named_args\n",
    "from sklearn.model_selection import cross_val_score, KFold, GridSearchCV\n",
    "cv = KFold(n_splits=5, shuffle=True, random_state=1)\n",
    "import numpy as np\n",
    "from sklearn.model_selection import train_test_split\n",
    "from sklearn.svm import SVR\n",
    "from sklearn.metrics import mean_squared_error\n",
    "from sklearn.preprocessing import MinMaxScaler\n",
    "import pandas as pd\n",
    "import math\n",
    "from math import pi\n",
    "import pandas as pd\n",
    "import numpy as np\n",
    "from sklearn.model_selection import train_test_split\n",
    "from sklearn.preprocessing import MinMaxScaler, LabelEncoder\n",
    "from sklearn.metrics import mean_absolute_percentage_error\n",
    "import catboost as cb\n",
    "\n",
    "data = pd.read_excel('data111.xlsx', sheet_name='1_17')\n",
    "PC = data[['fc', 'he', 'hf', 'bw', 'bf', 'Ls_he', 'rho_sv', 'fst', 'Sst_he','rh_l', 'fy_l', 'ff', 'Ef', 'rho_f', 'Sf_he', 'alfa_f', 'V']].replace(['–', '-'], 0).astype(float)\n",
    "PC['Vexp']=PC['V']\n",
    "PC['v_si']=PC['V']/PC['fc']**0.5/PC['bw']/PC['he']*1000.0\n",
    "X = PC[['fc', 'he', 'hf', 'bw', 'bf', 'Ls_he', 'rho_sv', 'fst', 'Sst_he','rh_l', 'fy_l', 'ff', 'Ef', 'rho_f', 'Sf_he', 'alfa_f']];     y = PC['v_si']\n",
    "\n",
    "# Convert to numpy arrays\n",
    "X, y = np.array(X.values), np.array(y.values)\n",
    "\n",
    "scaler = MinMaxScaler(feature_range=(-1, 1))\n",
    "scaler_out = MinMaxScaler(feature_range=(1, 2))\n",
    "X_normalized = scaler.fit_transform(X)\n",
    "y_normalized = scaler_out.fit_transform(y.reshape(-1, 1))\n",
    "X_train, X_test, y_train, y_test = train_test_split(X_normalized, y_normalized, test_size=0.2, random_state=39)"
   ]
  },
  {
   "cell_type": "code",
   "execution_count": 28,
   "id": "6c4760b4",
   "metadata": {},
   "outputs": [
    {
     "name": "stdout",
     "output_type": "stream",
     "text": [
      "Correlation Matrix:\n",
      "              fc        he        hf        bw        bf     Ls_he    rho_sv  \\\n",
      "fc      1.000000  0.137648  0.168021 -0.008393  0.146483  0.117071 -0.035232   \n",
      "he      0.137648  1.000000  0.702219  0.039518  0.702976 -0.169201 -0.384753   \n",
      "hf      0.168021  0.702219  1.000000 -0.181663  0.960661  0.108999 -0.086058   \n",
      "bw     -0.008393  0.039518 -0.181663  1.000000  0.040866  0.106383 -0.177367   \n",
      "bf      0.146483  0.702976  0.960661  0.040866  1.000000  0.136758 -0.116779   \n",
      "Ls_he   0.117071 -0.169201  0.108999  0.106383  0.136758  1.000000  0.205229   \n",
      "rho_sv -0.035232 -0.384753 -0.086058 -0.177367 -0.116779  0.205229  1.000000   \n",
      "fst     0.130250  0.144560  0.280836  0.108870  0.333359  0.204002  0.468348   \n",
      "Sst_he -0.116087 -0.079269 -0.130279 -0.115155 -0.155281 -0.098227 -0.652974   \n",
      "rh_l    0.196715  0.071105  0.456201  0.010823  0.503822  0.305577  0.112401   \n",
      "fy_l    0.231716  0.397256  0.413851  0.072837  0.472681 -0.120396 -0.210578   \n",
      "ff     -0.070641 -0.024237 -0.026843  0.157412  0.000929  0.038128 -0.084384   \n",
      "Ef     -0.113060  0.061861 -0.004194  0.131955  0.013756 -0.018234 -0.110384   \n",
      "rho_f  -0.183809 -0.443826 -0.283822 -0.329431 -0.361144 -0.064675  0.360101   \n",
      "Sf_he   0.047750  0.017375  0.029356 -0.066764  0.033690 -0.023932 -0.022901   \n",
      "alfa_f -0.095319 -0.111661 -0.195045  0.024397 -0.162053 -0.086518 -0.066555   \n",
      "v_si   -0.190382 -0.419916 -0.157304 -0.391184 -0.224792 -0.092768  0.634636   \n",
      "\n",
      "             fst    Sst_he      rh_l      fy_l        ff        Ef     rho_f  \\\n",
      "fc      0.130250 -0.116087  0.196715  0.231716 -0.070641 -0.113060 -0.183809   \n",
      "he      0.144560 -0.079269  0.071105  0.397256 -0.024237  0.061861 -0.443826   \n",
      "hf      0.280836 -0.130279  0.456201  0.413851 -0.026843 -0.004194 -0.283822   \n",
      "bw      0.108870 -0.115155  0.010823  0.072837  0.157412  0.131955 -0.329431   \n",
      "bf      0.333359 -0.155281  0.503822  0.472681  0.000929  0.013756 -0.361144   \n",
      "Ls_he   0.204002 -0.098227  0.305577 -0.120396  0.038128 -0.018234 -0.064675   \n",
      "rho_sv  0.468348 -0.652974  0.112401 -0.210578 -0.084384 -0.110384  0.360101   \n",
      "fst     1.000000 -0.816743  0.433157  0.394871  0.119659  0.108167 -0.119905   \n",
      "Sst_he -0.816743  1.000000 -0.228881 -0.166950 -0.088284 -0.120951 -0.002369   \n",
      "rh_l    0.433157 -0.228881  1.000000  0.215242  0.043917  0.019298 -0.172249   \n",
      "fy_l    0.394871 -0.166950  0.215242  1.000000  0.105095  0.102938 -0.254799   \n",
      "ff      0.119659 -0.088284  0.043917  0.105095  1.000000  0.908814  0.056197   \n",
      "Ef      0.108167 -0.120951  0.019298  0.102938  0.908814  1.000000  0.109830   \n",
      "rho_f  -0.119905 -0.002369 -0.172249 -0.254799  0.056197  0.109830  1.000000   \n",
      "Sf_he  -0.102028  0.144560  0.018445 -0.001983 -0.811345 -0.857766 -0.405535   \n",
      "alfa_f -0.181617  0.234631 -0.105841 -0.056593 -0.365381 -0.383240 -0.104287   \n",
      "v_si    0.300277 -0.355319  0.011121 -0.068485  0.198964  0.221029  0.728924   \n",
      "\n",
      "           Sf_he    alfa_f      v_si  \n",
      "fc      0.047750 -0.095319 -0.190382  \n",
      "he      0.017375 -0.111661 -0.419916  \n",
      "hf      0.029356 -0.195045 -0.157304  \n",
      "bw     -0.066764  0.024397 -0.391184  \n",
      "bf      0.033690 -0.162053 -0.224792  \n",
      "Ls_he  -0.023932 -0.086518 -0.092768  \n",
      "rho_sv -0.022901 -0.066555  0.634636  \n",
      "fst    -0.102028 -0.181617  0.300277  \n",
      "Sst_he  0.144560  0.234631 -0.355319  \n",
      "rh_l    0.018445 -0.105841  0.011121  \n",
      "fy_l   -0.001983 -0.056593 -0.068485  \n",
      "ff     -0.811345 -0.365381  0.198964  \n",
      "Ef     -0.857766 -0.383240  0.221029  \n",
      "rho_f  -0.405535 -0.104287  0.728924  \n",
      "Sf_he   1.000000  0.377421 -0.389085  \n",
      "alfa_f  0.377421  1.000000 -0.234674  \n",
      "v_si   -0.389085 -0.234674  1.000000  \n",
      "               Min          Max         Mean          Std  Skewness  Kurtosis\n",
      "fc       13.600000    59.400000    35.099586    10.928981  0.583373 -0.167907\n",
      "he      100.000000   558.000000   311.665414    86.106126  0.178854  1.427313\n",
      "hf        0.000000   102.000000    45.413534    49.215909  0.184063 -1.932867\n",
      "bw      130.000000   254.000000   175.484211    28.904785  0.869229  0.578759\n",
      "bf      130.000000   508.000000   296.518797   131.867006  0.203378 -1.662352\n",
      "Ls_he     1.649175     3.680982     2.701277     0.505204 -0.108247 -0.420822\n",
      "rho_sv    0.000000     0.434990     0.151319     0.102283  0.583769  0.536846\n",
      "fst       0.000000   665.300000   357.161560   201.936076 -0.534500 -0.733748\n",
      "Sst_he    0.312500     5.000000     1.586688     1.653403  1.511232  0.441157\n",
      "rh_l      0.747998     4.394598     2.454199     0.775000  0.464469  0.121770\n",
      "fy_l    340.000000   759.000000   532.182955   123.061856       NaN       NaN\n",
      "ff        0.000000  4950.000000  1888.143609  1268.544786 -0.240914 -0.818299\n",
      "Ef        0.000000   240.000000   119.719812    76.808072 -0.541720 -1.133281\n",
      "rho_f     0.000000     2.920000     0.347686     0.485504  2.418744  6.736532\n",
      "Sf_he     0.222222     5.000000     1.579892     1.881173  1.244909 -0.390496\n",
      "alfa_f   45.000000    90.000000    74.815789    20.305959 -0.644701 -1.494166\n",
      "v_si      0.227626     1.528427     0.614888     0.220346  1.259745  2.277813\n",
      "\n",
      "Statistical Properties:\n",
      "               Min          Max         Mean          Std  Skewness  Kurtosis\n",
      "fc       13.600000    59.400000    35.099586    10.928981  0.583373 -0.167907\n",
      "he      100.000000   558.000000   311.665414    86.106126  0.178854  1.427313\n",
      "hf        0.000000   102.000000    45.413534    49.215909  0.184063 -1.932867\n",
      "bw      130.000000   254.000000   175.484211    28.904785  0.869229  0.578759\n",
      "bf      130.000000   508.000000   296.518797   131.867006  0.203378 -1.662352\n",
      "Ls_he     1.649175     3.680982     2.701277     0.505204 -0.108247 -0.420822\n",
      "rho_sv    0.000000     0.434990     0.151319     0.102283  0.583769  0.536846\n",
      "fst       0.000000   665.300000   357.161560   201.936076 -0.534500 -0.733748\n",
      "Sst_he    0.312500     5.000000     1.586688     1.653403  1.511232  0.441157\n",
      "rh_l      0.747998     4.394598     2.454199     0.775000  0.464469  0.121770\n",
      "fy_l    340.000000   759.000000   532.182955   123.061856       NaN       NaN\n",
      "ff        0.000000  4950.000000  1888.143609  1268.544786 -0.240914 -0.818299\n",
      "Ef        0.000000   240.000000   119.719812    76.808072 -0.541720 -1.133281\n",
      "rho_f     0.000000     2.920000     0.347686     0.485504  2.418744  6.736532\n",
      "Sf_he     0.222222     1.800000     0.562202     0.241954  1.476872  3.437499\n",
      "alfa_f   45.000000    90.000000    74.815789    20.305959 -0.644701 -1.494166\n",
      "v_si      0.227626     1.528427     0.614888     0.220346  1.259745  2.277813\n",
      "\n",
      "Statistical Properties:\n",
      "               Min          Max         Mean          Std  Skewness  Kurtosis\n",
      "fc       13.600000    59.400000    35.099586    10.928981  0.583373 -0.167907\n",
      "he      100.000000   558.000000   311.665414    86.106126  0.178854  1.427313\n",
      "hf        0.000000   102.000000    45.413534    49.215909  0.184063 -1.932867\n",
      "bw      130.000000   254.000000   175.484211    28.904785  0.869229  0.578759\n",
      "bf      130.000000   508.000000   296.518797   131.867006  0.203378 -1.662352\n",
      "Ls_he     1.649175     3.680982     2.701277     0.505204 -0.108247 -0.420822\n",
      "rho_sv    0.000000     0.434990     0.151319     0.102283  0.583769  0.536846\n",
      "fst       0.000000   665.300000   357.161560   201.936076 -0.534500 -0.733748\n",
      "Sst_he    0.312500     2.341651     0.815940     0.337805  1.743446  3.569702\n",
      "rh_l      0.747998     4.394598     2.454199     0.775000  0.464469  0.121770\n",
      "fy_l    340.000000   759.000000   532.182955   123.061856       NaN       NaN\n",
      "ff        0.000000  4950.000000  1888.143609  1268.544786 -0.240914 -0.818299\n",
      "Ef        0.000000   240.000000   119.719812    76.808072 -0.541720 -1.133281\n",
      "rho_f     0.000000     2.920000     0.347686     0.485504  2.418744  6.736532\n",
      "Sf_he     0.222222     1.800000     0.562202     0.241954  1.476872  3.437499\n",
      "alfa_f   45.000000    90.000000    74.815789    20.305959 -0.644701 -1.494166\n",
      "v_si      0.227626     1.528427     0.614888     0.220346  1.259745  2.277813\n"
     ]
    },
    {
     "name": "stderr",
     "output_type": "stream",
     "text": [
      "C:\\Users\\osama\\AppData\\Local\\Temp\\ipykernel_42996\\1812501118.py:6: FutureWarning: Downcasting behavior in `replace` is deprecated and will be removed in a future version. To retain the old behavior, explicitly call `result.infer_objects(copy=False)`. To opt-in to the future behavior, set `pd.set_option('future.no_silent_downcasting', True)`\n",
      "  PC = data[['fc', 'he', 'hf', 'bw', 'bf', 'Ls_he', 'rho_sv', 'fst', 'Sst_he','rh_l', 'fy_l', 'ff', 'Ef', 'rho_f', 'Sf_he', 'alfa_f', 'V']].replace(['–', '-'], 0).astype(float)\n"
     ]
    }
   ],
   "source": [
    "import pandas as pd\n",
    "from scipy.stats import skew, kurtosis \n",
    "from tabulate import tabulate\n",
    "\n",
    "data = pd.read_excel('data111.xlsx', sheet_name='1_17')\n",
    "PC = data[['fc', 'he', 'hf', 'bw', 'bf', 'Ls_he', 'rho_sv', 'fst', 'Sst_he','rh_l', 'fy_l', 'ff', 'Ef', 'rho_f', 'Sf_he', 'alfa_f', 'V']].replace(['–', '-'], 0).astype(float)\n",
    "PC['Vexp']=PC['V']\n",
    "PC['v_si']=PC['V']/PC['fc']**0.5/PC['bw']/PC['he']*1000.0\n",
    "X = PC[['fc', 'he', 'hf', 'bw', 'bf', 'Ls_he', 'rho_sv', 'fst', 'Sst_he','rh_l', 'fy_l', 'ff', 'Ef', 'rho_f', 'Sf_he', 'alfa_f']];     y = PC['v_si']\n",
    "\n",
    "PC['Vexp'] = PC['V']\n",
    "PC['v_si'] = PC['V'] / (PC['fc'] ** 0.5 * PC['bw'] * PC['he']) * 1000.0\n",
    "\n",
    "# Define the full set of features\n",
    "features = ['fc', 'he', 'hf', 'bw', 'bf', 'Ls_he', 'rho_sv', 'fst', 'Sst_he',\n",
    "            'rh_l', 'fy_l', 'ff', 'Ef', 'rho_f', 'Sf_he', 'alfa_f', 'v_si']\n",
    "\n",
    "# Calculate correlation matrix for all features (using full data)\n",
    "correlation_matrix = PC[features].corr()\n",
    "print(\"Correlation Matrix:\")\n",
    "print(correlation_matrix)\n",
    "\n",
    "# Compute statistical properties for all features using the full data\n",
    "data_stats = pd.DataFrame({\n",
    "    'Min': PC[features].min(),\n",
    "    'Max': PC[features].max(),\n",
    "    'Mean': PC[features].mean(),\n",
    "    'Std': PC[features].std(),\n",
    "    'Skewness': PC[features].apply(skew),\n",
    "    'Kurtosis': PC[features].apply(kurtosis)\n",
    "})\n",
    "print(data_stats)\n",
    "\n",
    "# Now, override statistics for Sf_he using only rows where Sf_he != 5 and Sst_he != 5.\n",
    "mask = (PC['Sf_he'] != 5)\n",
    "Sf_he_filtered = PC.loc[mask, 'Sf_he']\n",
    "\n",
    "data_stats.loc['Sf_he', 'Min']      = Sf_he_filtered.min()\n",
    "data_stats.loc['Sf_he', 'Max']      = Sf_he_filtered.max()\n",
    "data_stats.loc['Sf_he', 'Mean']     = Sf_he_filtered.mean()\n",
    "data_stats.loc['Sf_he', 'Std']      = Sf_he_filtered.std()\n",
    "data_stats.loc['Sf_he', 'Skewness'] = skew(Sf_he_filtered)\n",
    "data_stats.loc['Sf_he', 'Kurtosis'] = kurtosis(Sf_he_filtered)\n",
    "\n",
    "# Display the statistical properties\n",
    "print(\"\\nStatistical Properties:\")\n",
    "print(data_stats)\n",
    "# Now, override statistics for Sf_he using only rows where Sf_he != 5 and Sst_he != 5.\n",
    "mask = (PC['Sst_he'] != 5)\n",
    "Sf_he_filtered = PC.loc[mask, 'Sst_he']\n",
    "\n",
    "data_stats.loc['Sst_he', 'Min']      = Sf_he_filtered.min()\n",
    "data_stats.loc['Sst_he', 'Max']      = Sf_he_filtered.max()\n",
    "data_stats.loc['Sst_he', 'Mean']     = Sf_he_filtered.mean()\n",
    "data_stats.loc['Sst_he', 'Std']      = Sf_he_filtered.std()\n",
    "data_stats.loc['Sst_he', 'Skewness'] = skew(Sf_he_filtered)\n",
    "data_stats.loc['Sst_he', 'Kurtosis'] = kurtosis(Sf_he_filtered)\n",
    "\n",
    "# Display the statistical properties\n",
    "print(\"\\nStatistical Properties:\")\n",
    "print(data_stats)"
   ]
  },
  {
   "cell_type": "code",
   "execution_count": 10,
   "id": "4ed85e6f",
   "metadata": {},
   "outputs": [
    {
     "name": "stdout",
     "output_type": "stream",
     "text": [
      "              fc        he        hf        bw        bf     Ls_he    rho_sv  \\\n",
      "fc      1.000000  0.137648  0.168021 -0.008393  0.146483  0.117071 -0.035232   \n",
      "he      0.137648  1.000000  0.702219  0.039518  0.702976 -0.169201 -0.384753   \n",
      "hf      0.168021  0.702219  1.000000 -0.181663  0.960661  0.108999 -0.086058   \n",
      "bw     -0.008393  0.039518 -0.181663  1.000000  0.040866  0.106383 -0.177367   \n",
      "bf      0.146483  0.702976  0.960661  0.040866  1.000000  0.136758 -0.116779   \n",
      "Ls_he   0.117071 -0.169201  0.108999  0.106383  0.136758  1.000000  0.205229   \n",
      "rho_sv -0.035232 -0.384753 -0.086058 -0.177367 -0.116779  0.205229  1.000000   \n",
      "fst     0.130250  0.144560  0.280836  0.108870  0.333359  0.204002  0.468348   \n",
      "Sst_he -0.116087 -0.079269 -0.130279 -0.115155 -0.155281 -0.098227 -0.652974   \n",
      "rh_l    0.196715  0.071105  0.456201  0.010823  0.503822  0.305577  0.112401   \n",
      "fy_l    0.216077  0.400568  0.418201  0.079450  0.477424 -0.116575 -0.195929   \n",
      "ff     -0.070641 -0.024237 -0.026843  0.157412  0.000929  0.038128 -0.084384   \n",
      "Ef     -0.113060  0.061861 -0.004194  0.131955  0.013756 -0.018234 -0.110384   \n",
      "rho_f  -0.183809 -0.443826 -0.283822 -0.329431 -0.361144 -0.064675  0.360101   \n",
      "Sf_he   0.047750  0.017375  0.029356 -0.066764  0.033690 -0.023932 -0.022901   \n",
      "alfa_f -0.095319 -0.111661 -0.195045  0.024397 -0.162053 -0.086518 -0.066555   \n",
      "v_si   -0.190382 -0.419916 -0.157304 -0.391184 -0.224792 -0.092768  0.634636   \n",
      "\n",
      "             fst    Sst_he      rh_l      fy_l        ff        Ef     rho_f  \\\n",
      "fc      0.130250 -0.116087  0.196715  0.216077 -0.070641 -0.113060 -0.183809   \n",
      "he      0.144560 -0.079269  0.071105  0.400568 -0.024237  0.061861 -0.443826   \n",
      "hf      0.280836 -0.130279  0.456201  0.418201 -0.026843 -0.004194 -0.283822   \n",
      "bw      0.108870 -0.115155  0.010823  0.079450  0.157412  0.131955 -0.329431   \n",
      "bf      0.333359 -0.155281  0.503822  0.477424  0.000929  0.013756 -0.361144   \n",
      "Ls_he   0.204002 -0.098227  0.305577 -0.116575  0.038128 -0.018234 -0.064675   \n",
      "rho_sv  0.468348 -0.652974  0.112401 -0.195929 -0.084384 -0.110384  0.360101   \n",
      "fst     1.000000 -0.816743  0.433157  0.402788  0.119659  0.108167 -0.119905   \n",
      "Sst_he -0.816743  1.000000 -0.228881 -0.180238 -0.088284 -0.120951 -0.002369   \n",
      "rh_l    0.433157 -0.228881  1.000000  0.199448  0.043917  0.019298 -0.172249   \n",
      "fy_l    0.402788 -0.180238  0.199448  1.000000  0.101968  0.099238 -0.250991   \n",
      "ff      0.119659 -0.088284  0.043917  0.101968  1.000000  0.908814  0.056197   \n",
      "Ef      0.108167 -0.120951  0.019298  0.099238  0.908814  1.000000  0.109830   \n",
      "rho_f  -0.119905 -0.002369 -0.172249 -0.250991  0.056197  0.109830  1.000000   \n",
      "Sf_he  -0.102028  0.144560  0.018445  0.000783 -0.811345 -0.857766 -0.405535   \n",
      "alfa_f -0.181617  0.234631 -0.105841 -0.053140 -0.365381 -0.383240 -0.104287   \n",
      "v_si    0.300277 -0.355319  0.011121 -0.062103  0.198964  0.221029  0.728924   \n",
      "\n",
      "           Sf_he    alfa_f      v_si  \n",
      "fc      0.047750 -0.095319 -0.190382  \n",
      "he      0.017375 -0.111661 -0.419916  \n",
      "hf      0.029356 -0.195045 -0.157304  \n",
      "bw     -0.066764  0.024397 -0.391184  \n",
      "bf      0.033690 -0.162053 -0.224792  \n",
      "Ls_he  -0.023932 -0.086518 -0.092768  \n",
      "rho_sv -0.022901 -0.066555  0.634636  \n",
      "fst    -0.102028 -0.181617  0.300277  \n",
      "Sst_he  0.144560  0.234631 -0.355319  \n",
      "rh_l    0.018445 -0.105841  0.011121  \n",
      "fy_l    0.000783 -0.053140 -0.062103  \n",
      "ff     -0.811345 -0.365381  0.198964  \n",
      "Ef     -0.857766 -0.383240  0.221029  \n",
      "rho_f  -0.405535 -0.104287  0.728924  \n",
      "Sf_he   1.000000  0.377421 -0.389085  \n",
      "alfa_f  0.377421  1.000000 -0.234674  \n",
      "v_si   -0.389085 -0.234674  1.000000  \n",
      "               Min          Max         Mean          Std  Skewness  Kurtosis\n",
      "fc       13.600000    59.400000    35.099586    10.928981  0.583373 -0.167907\n",
      "he      100.000000   558.000000   311.665414    86.106126  0.178854  1.427313\n",
      "hf        0.000000   102.000000    45.413534    49.215909  0.184063 -1.932867\n",
      "bw      130.000000   254.000000   175.484211    28.904785  0.869229  0.578759\n",
      "bf      130.000000   508.000000   296.518797   131.867006  0.203378 -1.662352\n",
      "Ls_he     1.649175     3.680982     2.701277     0.505204 -0.108247 -0.420822\n",
      "rho_sv    0.000000     0.434990     0.151319     0.102283  0.583769  0.536846\n",
      "fst       0.000000   665.300000   357.161560   201.936076 -0.534500 -0.733748\n",
      "Sst_he    0.312500     5.000000     1.586688     1.653403  1.511232  0.441157\n",
      "rh_l      0.747998     4.394598     2.454199     0.775000  0.464469  0.121770\n",
      "fy_l    340.000000   759.000000   531.189098   123.129199  0.600397 -0.885755\n",
      "ff        0.000000  4950.000000  1888.143609  1268.544786 -0.240914 -0.818299\n",
      "Ef        0.000000   240.000000   119.719812    76.808072 -0.541720 -1.133281\n",
      "rho_f     0.000000     2.920000     0.347686     0.485504  2.418744  6.736532\n",
      "Sf_he     0.222222     5.000000     1.579892     1.881173  1.244909 -0.390496\n",
      "alfa_f   45.000000    90.000000    74.815789    20.305959 -0.644701 -1.494166\n",
      "v_si      0.227626     1.528427     0.614888     0.220346  1.259745  2.277813\n"
     ]
    }
   ],
   "source": [
    "from scipy.stats import skew, kurtosis\n",
    "from tabulate import tabulate\n",
    "features = ['fc', 'he', 'hf', 'bw', 'bf', 'Ls_he', 'rho_sv', 'fst', 'Sst_he','rh_l', 'fy_l', 'ff', 'Ef', 'rho_f', 'Sf_he', 'alfa_f', 'v_si']\n",
    "X1=PC[features]\n",
    "correlation_matrix = X1.corr()\n",
    "print(correlation_matrix)\n",
    "data_stats = pd.DataFrame()\n",
    "\n",
    "# Calculate statistical properties for each feature\n",
    "data_stats['Min'] = PC[features].min()\n",
    "data_stats['Max'] = PC[features].max()\n",
    "data_stats['Mean'] = PC[features].mean()\n",
    "data_stats['Std'] = PC[features].std()\n",
    "data_stats['Skewness'] = PC[features].apply(skew)\n",
    "data_stats['Kurtosis'] = PC[features].apply(kurtosis)\n",
    "\n",
    "# Display the statistical properties\n",
    "print(data_stats)\n"
   ]
  },
  {
   "cell_type": "code",
   "execution_count": null,
   "id": "791d44b4",
   "metadata": {},
   "outputs": [
    {
     "data": {
